4294967279,336
4294967278,252
4294967279,335
4294967278,251
4294967279,334
4294967279,246
4294967278,244
4294967279,245
4294967278,240
4294967279,240
4294967278,238
31,4
31,3
31,2
31,1
4294967279,239
4294967279,333
4294967278,235
4294967279,235
4294967279,233
4294967278,230
4294967278,228
4294967279,228
4294967279,229
4294967278,226
4294967279,226
4294967279,225
30,4
30,3
30,2
30,1
4294967279,215
4294967279,332
4294967278,542
4294967279,213
4294967278,211
4294967294,1044
4294967294,182
4294967294,1035
4294967294,194
4294967279,331
4294967278,541
29,4
4294967279,208
29,3
29,2
29,1
4294967279,330
4294967278,206
4294967279,329
4294967278,540
4294967278,308
4294967279,328
4294967278,539
4294967278,538
4294967279,327
4294967278,307
4294967279,326
4294967278,197
4294967278,195
4294967279,198
28,4
4294967278,196
28,3
28,2
28,1
4294967278,304
4294967279,197
4294967278,537
4294967279,325
4294967278,536
4294967279,324
4294967278,535
4294967279,192
4294967279,323
4294967278,190
4294967278,302
4294967278,189
4294967279,322
4294967278,534
4294967278,300
4294967279,321
4294967279,186
27,4
4294967279,187
27,3
27,2
27,1
4294967279,320
4294967279,319
4294967278,299
4294967278,298
4294967279,318
4294967278,181
4294967279,182
4294967278,533
4294967279,181
4294967279,317
4294967279,180
4294967279,179
4294967278,177
4294967279,178
26,4
4294967278,176
26,3
26,2
26,1
4294967278,532
4294967279,177
4294967278,531
4294967279,316
4294967278,295
4294967279,315
4294967278,530
4294967279,172
4294967279,171
4294967279,314
4294967278,529
4294967279,170
4294967278,293
4294967278,528
4294967279,313
4294967279,165
25,4
4294967279,166
25,3
25,2
25,1
4294967279,312
4294967278,291
4294967279,311
4294967278,527
4294967279,310
4294967279,161
4294967278,526
4294967279,160
4294967279,309
4294967279,159
4294967279,158
4294967279,154
4294967279,156
24,4
24,3
24,2
24,1
4294967279,308
4294967294,439
4294967278,288
4294967278,525
4294967278,0
4294967294,396
4294967294,395
4294967294,414
4294967294,178
4294967294,407
4294967294,179
4294967294,1078
4294967294,385
4294967294,419
4294967294,183
4294967294,398
4294967294,406
4294967294,1049
4294967294,403
4294967294,410
4294967294,402
4294967294,466
4294967294,386
4294967294,2
4294967279,307
4294967278,524
4294967279,306
4294967278,523
4294967279,150
4294967279,149
4294967279,305
4294967278,148
4294967278,522
4294967279,148
4294967279,146
4294967279,144
23,4
4294967279,145
23,3
23,2
23,1
4294967279,304
4294967278,144
4294967294,1034
4294967294,186
4294967279,303
4294967294,116
4294967294,1
4294967278,521
4294967279,302
4294967278,520
4294967279,277
4294967279,140
4294967278,139
4294967278,519
4294967279,139
4294967279,274
4294967279,137
4294967279,136
22,4
4294967278,135
22,3
22,2
22,1
0,5
4294967278,518
4294967278,260
4294967279,135
0,7
4294967294,1032
4294967294,8
4294967279,281
4294967294,1050
4294967294,25
4294967294,1080
4294967294,29
4294967294,1079
4294967294,28
4294967294,27
4294967294,469
4294967294,1082
4294967294,26
4294967293,131
4294967293,130
4294967293,129
4294967293,128
4294967293,127
4294967293,126
4294967293,125
4294967293,124
4294967293,123
4294967293,122
4294967293,121
4294967293,120
4294967293,119
4294967293,118
4294967293,117
4294967293,116
4294967293,115
4294967293,114
4294967293,113
4294967293,112
4294967293,111
4294967293,110
4294967293,109
4294967293,108
4294967293,107
4294967293,106
4294967293,105
4294967293,104
4294967293,103
4294967293,102
4294967293,101
4294967293,100
4294967293,99
4294967293,98
4294967293,97
4294967293,96
4294967293,95
4294967293,94
4294967293,93
4294967293,92
4294967293,91
4294967293,90
4294967293,89
4294967293,87
4294967293,86
4294967293,85
4294967293,84
4294967293,83
4294967293,82
4294967293,81
4294967293,80
4294967293,79
4294967293,78
4294967293,77
4294967293,76
4294967293,75
4294967293,74
4294967293,73
4294967293,72
4294967293,71
4294967293,70
4294967293,69
4294967293,68
4294967293,67
4294967293,66
4294967293,65
4294967293,64
4294967293,63
4294967293,62
4294967293,61
4294967293,60
4294967293,59
4294967293,58
4294967293,57
4294967293,56
4294967293,55
4294967293,54
4294967293,53
4294967293,52
4294967293,51
4294967293,50
4294967293,49
4294967293,48
4294967293,47
4294967293,46
4294967293,45
4294967293,44
4294967293,43
4294967293,42
4294967293,41
4294967293,40
4294967293,39
4294967293,38
4294967293,37
4294967293,36
4294967293,35
4294967293,34
4294967293,33
4294967293,32
4294967293,31
4294967293,30
4294967293,29
4294967293,28
4294967293,27
4294967293,26
4294967293,25
4294967293,24
4294967293,23
4294967293,22
4294967293,21
4294967293,20
4294967293,19
4294967293,18
4294967293,17
4294967293,16
4294967293,15
4294967293,14
4294967293,13
4294967293,12
4294967293,11
4294967293,10
4294967293,9
4294967293,8
4294967293,7
4294967293,6
4294967293,5
4294967293,4
4294967293,3
4294967278,132
4294967278,124
4294967278,122
4294967278,121
4294967278,120
4294967278,116
4294967278,114
4294967278,113
4294967278,112
4294967278,108
4294967278,106
4294967278,105
4294967278,104
4294967278,100
4294967278,98
4294967278,97
4294967278,96
4294967278,92
4294967278,90
4294967278,89
4294967278,87
4294967278,83
4294967278,81
4294967278,80
4294967278,79
4294967278,75
4294967278,73
4294967278,72
4294967278,71
4294967278,68
4294967278,67
4294967278,66
4294967278,63
4294967278,62
4294967278,61
4294967278,59
4294967278,58
4294967278,57
4294967278,54
4294967278,53
4294967278,52
4294967278,49
4294967278,48
4294967278,47
4294967278,45
4294967278,44
4294967278,43
4294967278,40
4294967278,39
4294967278,38
4294967278,36
4294967278,35
4294967278,34
4294967278,31
4294967278,30
4294967278,29
4294967278,27
4294967278,26
4294967278,25
4294967278,22
4294967278,17
4294967278,271
4294967278,16
4294967278,15
4294967278,11
4294967278,9
4294967278,8
4294967278,278
4294967278,7
4294967278,277
4294967278,20
4294967279,127
4294967279,125
4294967279,123
4294967279,122
4294967279,121
4294967279,120
4294967279,119
4294967279,118
4294967279,117
4294967279,115
4294967279,114
4294967278,275
4294967279,113
4294967279,112
4294967279,111
4294967279,110
4294967279,109
4294967279,107
4294967279,106
4294967279,105
4294967279,104
4294967279,103
